   0.0000000e+00   7.6846059e-01
   2.9186108e-03   7.6824125e-01
   5.8372216e-03   7.6781028e-01
   8.7558324e-03   7.6719741e-01
   1.1674443e-02   7.6643107e-01
   1.4593054e-02   7.6553844e-01
   1.7511665e-02   7.6454534e-01
   2.0430276e-02   7.6347624e-01
   2.3348886e-02   7.6235420e-01
   2.6267497e-02   7.6120088e-01
   2.9186108e-02   7.6003649e-01
   3.2104719e-02   7.5887980e-01
   3.5023329e-02   7.5774815e-01
   3.7941940e-02   7.5665741e-01
   4.0860551e-02   7.5562203e-01
   4.3779162e-02   7.5465504e-01
   4.6697773e-02   7.5376804e-01
   4.9616383e-02   7.5297129e-01
   5.2534994e-02   7.5227365e-01
   5.5453605e-02   7.5168270e-01
   5.8372216e-02   7.5120470e-01
   6.1290827e-02   7.5084470e-01
   6.4209437e-02   7.5060652e-01
   6.7128048e-02   7.5049286e-01
   7.0046659e-02   7.5050530e-01
   7.2965270e-02   7.5064438e-01
   7.5883881e-02   7.5090964e-01
   7.8802491e-02   7.5129971e-01
   8.1721102e-02   7.5181232e-01
   8.4639713e-02   7.5244442e-01
   8.7558324e-02   7.5319219e-01
   9.0476934e-02   7.5405113e-01
   9.3395545e-02   7.5501613e-01
   9.6314156e-02   7.5608151e-01
   9.9232767e-02   7.5724111e-01
   1.0215138e-01   7.5848834e-01
   1.0506999e-01   7.5981623e-01
   1.0798860e-01   7.6121754e-01
   1.1090721e-01   7.6268475e-01
   1.1382582e-01   7.6421019e-01
   1.1674443e-01   7.6578605e-01
   1.1966304e-01   7.6740446e-01
   1.2258165e-01   7.6905753e-01
   1.2550026e-01   7.7073741e-01
   1.2841887e-01   7.7243635e-01
   1.3133749e-01   7.7414672e-01
   1.3425610e-01   7.7586106e-01
   1.3717471e-01   7.7757216e-01
   1.4009332e-01   7.7927304e-01
   1.4301193e-01   7.8095702e-01
   1.4593054e-01   7.8261775e-01
   1.4884915e-01   7.8424924e-01
   1.5176776e-01   7.8584584e-01
   1.5468637e-01   7.8740235e-01
   1.5760498e-01   7.8891397e-01
   1.6052359e-01   7.9037631e-01
   1.6344220e-01   7.9178546e-01
   1.6636081e-01   7.9313795e-01
   1.6927943e-01   7.9443078e-01
   1.7219804e-01   7.9566141e-01
   1.7511665e-01   7.9682776e-01
   1.7803526e-01   7.9792822e-01
   1.8095387e-01   7.9896163e-01
   1.8387248e-01   7.9992728e-01
   1.8679109e-01   8.0082489e-01
   1.8970970e-01   8.0165461e-01
   1.9262831e-01   8.0241700e-01
   1.9554692e-01   8.0311300e-01
   1.9846553e-01   8.0374392e-01
   2.0138414e-01   8.0431144e-01
   2.0430276e-01   8.0481755e-01
   2.0722137e-01   8.0526453e-01
   2.1013998e-01   8.0565496e-01
   2.1305859e-01   8.0599166e-01
   2.1597720e-01   8.0627768e-01
   2.1889581e-01   8.0651626e-01
   2.2181442e-01   8.0671081e-01
   2.2473303e-01   8.0686489e-01
   2.2765164e-01   8.0698216e-01
   2.3057025e-01   8.0706637e-01
   2.3348886e-01   8.0712132e-01
   2.3640747e-01   8.0715084e-01
   2.3932608e-01   8.0715878e-01
   2.4224470e-01   8.0714894e-01
   2.4516331e-01   8.0712509e-01
   2.4808192e-01   8.0709091e-01
   2.5100053e-01   8.0705001e-01
   2.5391914e-01   8.0700586e-01
   2.5683775e-01   8.0696179e-01
   2.5975636e-01   8.0692100e-01
   2.6267497e-01   8.0688649e-01
   2.6559358e-01   8.0686109e-01
   2.6851219e-01   8.0684741e-01
   2.7143080e-01   8.0684787e-01
   2.7434941e-01   8.0686465e-01
   2.7726802e-01   8.0689969e-01
   2.8018664e-01   8.0695471e-01
   2.8310525e-01   8.0703118e-01
   2.8602386e-01   8.0713032e-01
   2.8894247e-01   8.0725310e-01
   2.9186108e-01   8.0740025e-01
   2.9477969e-01   8.0757226e-01
   2.9769830e-01   8.0776937e-01
   3.0061691e-01   8.0799158e-01
   3.0353552e-01   8.0823869e-01
   3.0645413e-01   8.0851026e-01
   3.0937274e-01   8.0880564e-01
   3.1229135e-01   8.0912399e-01
   3.1520997e-01   8.0946430e-01
   3.1812858e-01   8.0982537e-01
   3.2104719e-01   8.1020585e-01
   3.2396580e-01   8.1060425e-01
   3.2688441e-01   8.1101896e-01
   3.2980302e-01   8.1144827e-01
   3.3272163e-01   8.1189037e-01
   3.3564024e-01   8.1234336e-01
   3.3855885e-01   8.1280533e-01
   3.4147746e-01   8.1327429e-01
   3.4439607e-01   8.1374826e-01
   3.4731468e-01   8.1422525e-01
   3.5023329e-01   8.1470327e-01
   3.5315191e-01   8.1518039e-01
   3.5607052e-01   8.1565472e-01
   3.5898913e-01   8.1612443e-01
   3.6190774e-01   8.1658776e-01
   3.6482635e-01   8.1704308e-01
   3.6774496e-01   8.1748882e-01
   3.7066357e-01   8.1792357e-01
   3.7358218e-01   8.1834603e-01
   3.7650079e-01   8.1875505e-01
   3.7941940e-01   8.1914961e-01
   3.8233801e-01   8.1952887e-01
   3.8525662e-01   8.1989214e-01
   3.8817523e-01   8.2023890e-01
   3.9109385e-01   8.2056880e-01
   3.9401246e-01   8.2088166e-01
   3.9693107e-01   8.2117747e-01
   3.9984968e-01   8.2145639e-01
   4.0276829e-01   8.2171876e-01
   4.0568690e-01   8.2196508e-01
   4.0860551e-01   8.2219601e-01
   4.1152412e-01   8.2241234e-01
   4.1444273e-01   8.2261504e-01
   4.1736134e-01   8.2280521e-01
   4.2027995e-01   8.2298405e-01
   4.2319856e-01   8.2315290e-01
   4.2611718e-01   8.2331321e-01
   4.2903579e-01   8.2346649e-01
   4.3195440e-01   8.2361435e-01
   4.3487301e-01   8.2375846e-01
   4.3779162e-01   8.2390053e-01
   4.4071023e-01   8.2404231e-01
   4.4362884e-01   8.2418555e-01
   4.4654745e-01   8.2433203e-01
   4.4946606e-01   8.2448349e-01
   4.5238467e-01   8.2464164e-01
   4.5530328e-01   8.2480814e-01
   4.5822189e-01   8.2498461e-01
   4.6114050e-01   8.2517256e-01
   4.6405912e-01   8.2537343e-01
   4.6697773e-01   8.2558854e-01
   4.6989634e-01   8.2581908e-01
   4.7281495e-01   8.2606612e-01
   4.7573356e-01   8.2633059e-01
   4.7865217e-01   8.2661324e-01
   4.8157078e-01   8.2691467e-01
   4.8448939e-01   8.2723531e-01
   4.8740800e-01   8.2757539e-01
   4.9032661e-01   8.2793497e-01
   4.9324522e-01   8.2831390e-01
   4.9616383e-01   8.2871185e-01
   4.9908244e-01   8.2912828e-01
   5.0200106e-01   8.2956247e-01
   5.0491967e-01   8.3001349e-01
   5.0783828e-01   8.3048023e-01
   5.1075689e-01   8.3096138e-01
   5.1367550e-01   8.3145545e-01
   5.1659411e-01   8.3196080e-01
   5.1951272e-01   8.3247560e-01
   5.2243133e-01   8.3299788e-01
   5.2534994e-01   8.3352553e-01
   5.2826855e-01   8.3405630e-01
   5.3118716e-01   8.3458785e-01
   5.3410577e-01   8.3511773e-01
   5.3702439e-01   8.3564341e-01
   5.3994300e-01   8.3616231e-01
   5.4286161e-01   8.3667181e-01
   5.4578022e-01   8.3716926e-01
   5.4869883e-01   8.3765201e-01
   5.5161744e-01   8.3811743e-01
   5.5453605e-01   8.3856294e-01
   5.5745466e-01   8.3898602e-01
   5.6037327e-01   8.3938422e-01
   5.6329188e-01   8.3975523e-01
   5.6621049e-01   8.4009684e-01
   5.6912910e-01   8.4040700e-01
   5.7204771e-01   8.4068382e-01
   5.7496633e-01   8.4092561e-01
   5.7788494e-01   8.4113088e-01
   5.8080355e-01   8.4129837e-01
   5.8372216e-01   8.4142708e-01
   5.8664077e-01   8.4151622e-01
   5.8955938e-01   8.4156531e-01
   5.9247799e-01   8.4157415e-01
   5.9539660e-01   8.4154280e-01
   5.9831521e-01   8.4147167e-01
   6.0123382e-01   8.4136143e-01
   6.0415243e-01   8.4121309e-01
   6.0707104e-01   8.4102795e-01
   6.0998965e-01   8.4080764e-01
   6.1290827e-01   8.4055409e-01
   6.1582688e-01   8.4026951e-01
   6.1874549e-01   8.3995644e-01
   6.2166410e-01   8.3961768e-01
   6.2458271e-01   8.3925628e-01
   6.2750132e-01   8.3887557e-01
   6.3041993e-01   8.3847910e-01
   6.3333854e-01   8.3807061e-01
   6.3625715e-01   8.3765404e-01
   6.3917576e-01   8.3723349e-01
   6.4209437e-01   8.3681316e-01
   6.4501298e-01   8.3639736e-01
   6.4793160e-01   8.3599044e-01
   6.5085021e-01   8.3559679e-01
   6.5376882e-01   8.3522076e-01
   6.5668743e-01   8.3486663e-01
   6.5960604e-01   8.3453858e-01
   6.6252465e-01   8.3424064e-01
   6.6544326e-01   8.3397661e-01
   6.6836187e-01   8.3375006e-01
   6.7128048e-01   8.3356426e-01
   6.7419909e-01   8.3342211e-01
   6.7711770e-01   8.3332610e-01
   6.8003631e-01   8.3327828e-01
   6.8295492e-01   8.3328016e-01
   6.8587354e-01   8.3333271e-01
   6.8879215e-01   8.3343626e-01
   6.9171076e-01   8.3359047e-01
   6.9462937e-01   8.3379428e-01
   6.9754798e-01   8.3404585e-01
   7.0046659e-01   8.3434253e-01
   7.0338520e-01   8.3468077e-01
   7.0630381e-01   8.3505612e-01
   7.0922242e-01   8.3546316e-01
   7.1214103e-01   8.3589548e-01
   7.1505964e-01   8.3634559e-01
   7.1797825e-01   8.3680497e-01
   7.2089686e-01   8.3726394e-01
   7.2381548e-01   8.3771172e-01
   7.2673409e-01   8.3813634e-01
   7.2965270e-01   8.3852465e-01
   7.3257131e-01   8.3886230e-01
   7.3548992e-01   8.3913373e-01
   7.3840853e-01   8.3932213e-01
   7.4132714e-01   8.3940951e-01
   7.4424575e-01   8.3937661e-01
   7.4716436e-01   8.3920298e-01
   7.5008297e-01   8.3886697e-01
   7.5300158e-01   8.3834573e-01
   7.5592019e-01   8.3761527e-01
   7.5883881e-01   8.3665045e-01
   7.6175742e-01   8.3542505e-01
   7.6467603e-01   8.3391178e-01
   7.6759464e-01   8.3208238e-01
   7.7051325e-01   8.2990758e-01
   7.7343186e-01   8.2735728e-01
   7.7635047e-01   8.2440049e-01
   7.7926908e-01   8.2100549e-01
   7.8218769e-01   8.1713988e-01
   7.8510630e-01   8.1277064e-01
   7.8802491e-01   8.0786423e-01
   7.9094352e-01   8.0238668e-01
   7.9386213e-01   7.9630370e-01
   7.9678075e-01   7.8958075e-01
   7.9969936e-01   7.8218318e-01
   8.0261797e-01   7.7407629e-01
   8.0553658e-01   7.6522550e-01
   8.0845519e-01   7.5559642e-01
   8.1137380e-01   7.4515498e-01
   8.1429241e-01   7.3386758e-01
   8.1721102e-01   7.2170115e-01
   8.2012963e-01   7.0862336e-01
   8.2304824e-01   6.9460267e-01
   8.2596685e-01   6.7960849e-01
   8.2888546e-01   6.6361132e-01
   8.3180407e-01   6.4658287e-01
   8.3472269e-01   6.2849616e-01
   8.3764130e-01   6.0932571e-01
   8.4055991e-01   5.8904760e-01
   8.4347852e-01   5.6763963e-01
   8.4639713e-01   5.4508145e-01
   8.4931574e-01   5.2135467e-01
   8.5223435e-01   4.9644295e-01
   8.5515296e-01   4.7033217e-01
   8.5807157e-01   4.4301049e-01
   8.6099018e-01   4.1446847e-01
   8.6390879e-01   3.8469920e-01
   8.6682740e-01   3.5369835e-01
   8.6974602e-01   3.2146428e-01
   8.7266463e-01   2.8799812e-01
